height: 480
width: 640
distortion_model: rational_polynomial
d: [0.06740293651819229, -0.09073423594236374, 0.00017436014604754746, -0.00020068357116542757, 0.0, 0.0, 0.0, 0.0]
k: [489.2091369628906, 0.0, 319.1803894042969, 0.0, 489.2091369628906, 207.04576110839844, 0.0, 0.0, 1.0]
r: [1.0, 0.0, 0.0, 0.0, 1.0, 0.0, 0.0, 0.0, 1.0]
p: [489.2091369628906, 0.0, 319.1803894042969, 0.0, 0.0, 489.2091369628906, 207.04576110839844, 0.0, 0.0, 0.0, 1.0, 0.0]
binning_x: 0
binning_y: 0
roi:
  x_offset: 0
  y_offset: 0
  height: 0
  width: 0
  do_rectify: false
